SIGUMGO_ORG_C	ICH_SIGUMGO_GUN_GU_C	ICH_SIGUMGO_HOIKYE_C	SIGUMGO_AC_B	SIGUMGO_AC_SER	SIGUMGO_HOIKYE_YR	MNG_NO	TRXDT	TRXNO	IPJI_G	SIGUMGO_TRX_G	SIGUMGO_SUNP_TRX_G	SIGUMGO_IP_TRX_G	SIGUMGO_JI_TRX_G	SIGUMGO_TRX_G1	SIGUMGO_TRX_G2	SIGUMGO_TRX_G3	SIGUMGO_TRX_G4	NEW_GU_YR_G	SUNP_ICH_SIGUMGO_GUN_GU_C	ICH_SIGUMGO_DONG_DEPT_C	SUNP_SIGUMGO_HOIKYE_SMOK_C	CMMT_CTNT	ETC_CTNT	GISDT	GJDT	CRT_CAN_G	TRXBRNO	PMNY_DOC_K	DOC_NO1	DOC_NO2	JI_ORDR_DOC_STT_NO	JI_ORDR_DOC_END_NO	GDSN_K	GDSN_NO	TRAMT	SUNP_CNT	SUNP_AMT	MTAX_CNT	MTAX_AMT	TAX_OI_SUIP_CNT	TAX_OI_SUIP_AMT	OCR_G	OCR_CNT	OCR_AMT	EDTAX_AMT	NTTAX_AMT	LINKAC_KWA_C	LINK_ACSER	LINKAC_TRX_DT	LINKAC_TRX_NO	LINKAC_JAN	IMMD_PROC_DSYN	LST_CDT	LST_CHG_TIME	LST_CHG_SCR_ID	LST_CHG_BRNO	LST_CHG_HWNNO	DR_CHGR_KEYNO	DR_CHGR_HWNNO	CHG_RSN	SIGUMGO_TAX_IP_MNG_NO	FIL_DT1	FIL_DT2	FIL_DT3	FIL_DT4	FIL_DT5	FIL_18_AMT1	FIL_18_AMT2	FIL_18_AMT3	FIL_18_AMT4	FIL_18_AMT5	FIL_2_NO1	FIL_2_NO2	FIL_2_NO3	FIL_2_NO4	FIL_2_NO5	FIL_3_CNT1	FIL_3_CNT2	FIL_3_CNT3	FIL_3_CNT4	FIL_3_CNT5	SIGUMGO_SL_BMK_C	HNDO_TRX_YN	HDTRX_SNO	HNDO_RTRN_K	RTRN_PROC_YN	TRXAF_HNDO_JAN	RPT_SYS_SND_DSYN	RPT_SYS_SND_YN	RPT_SYS_SND_DT	RPT_SYS_SND_TIME	RPT_SYS_SND_CNT	TA_ORG_SND_DSYN	TA_ORG_SND_YN	TA_ORG_SND_DT	TA_ORG_SND_TIME	TA_ORG_SND_CNT	FIL_YN1	FIL_YN2	FIL_YN3	FIL_YN4	FIL_YN5	FIL_YN6	FIL_YN7	FIL_YN8	FIL_YN9	FIL_YN10	FIL_DT6	FIL_DT7	FIL_DT8	FIL_DT9	FIL_DT10	FIL_5_CNT1	FIL_5_CNT2	FIL_5_CNT3	FIL_5_CNT4	FIL_5_CNT5	FIL_10_NO1	FIL_10_NO2	FIL_10_NO3	FIL_10_NO4	FIL_10_NO5	FIL_10_NO6	FIL_10_NO7	FIL_10_NO8	FIL_10_NO9	FIL_10_NO10	FIL_100_CTNT1	FIL_100_CTNT2	FIL_100_CTNT3	FIL_100_CTNT4	FIL_100_CTNT5	SND_DR_DTTM	DROKJA_ID	UPD_DTTM	MODR_ID
28	245	1	10	0	2023	1	20231129	34882	2	67	0	0	90	0	0	0	0	1	0	0	0	2023년도 추계 광견병 예방접종 시술비 지		20231129	20231129	0	1770	0			13299	23162	0	0	5750000	0	0	0	0	0	0	0	0	0	0	0	160	135980	20231129	34882	0	0	20231129	163106	0073370001	1770	68					20231129	164018			대체	0	0	0	0	0	1	0	0	0	0	0	0	0	0	0		0	0	0	0	2310782142	0	0			0	0	0			0	0	0	0	0	0	0	1	0	0	0	Z1					0	0	0	0	0	0	0	45408	0	0	0	0	0	0	0	000000000000000000000000000000000000000000				02824501100000023				
28	245	1	10	0	2023	1	20231129	34883	2	67	0	0	90	0	0	0	0	1	0	0	0	2023년 11월분 행복씨앗통장 매칭적립급 지		20231129	20231129	0	1770	0			13297	23160	0	0	10050000	0	0	0	0	0	0	0	0	0	0	0	160	135980	20231129	34883	0	0	20231129	163111	0073370001	1770	68					20231129	164018			대체	0	0	0	0	0	1	0	0	0	0	0	0	0	0	0		0	0	0	0	2310782142	0	0			0	0	0			0	0	0	0	0	0	0	1	0	0	0	Z1					0	0	0	0	0	0	0	45409	0	0	0	0	0	0	0	000000000000000000000000000000000000000000				02824501100000023				
28	245	1	10	0	2023	1	20231129	34884	2	67	0	0	90	0	0	0	0	1	0	0	0	2023년 전통시장 화재공제 가입 지원금 지		20231129	20231129	0	1770	0			13296	23159	0	0	7262960	0	0	0	0	0	0	0	0	0	0	0	160	135980	20231129	34884	0	0	20231129	163115	0073370001	1770	68					20231129	164019			대체	0	0	0	0	0	1	0	0	0	0	0	0	0	0	0		0	0	0	0	2310782142	0	0			0	0	0			0	0	0	0	0	0	0	1	0	0	0	Z1					0	0	0	0	0	0	0	45410	0	0	0	0	0	0	0	000000000000000000000000000000000000000000				02824501100000023				
28	245	1	10	0	2023	1	20231129	34885	2	67	0	0	90	0	0	0	0	1	0	0	0	2023년 10월분 사회적기업 사회보험료 지원		20231129	20231129	0	1770	0			13294	23157	0	0	5833120	0	0	0	0	0	0	0	0	0	0	0	160	135980	20231129	34885	0	0	20231129	163118	0073370001	1770	68					20231129	164019			대체	0	0	0	0	0	1	0	0	0	0	0	0	0	0	0		0	0	0	0	2310782142	0	0			0	0	0			0	0	0	0	0	0	0	1	0	0	0	Z1					0	0	0	0	0	0	0	45411	0	0	0	0	0	0	0	000000000000000000000000000000000000000000				02824501100000023				
28	245	1	10	0	2023	1	20231129	34886	2	67	0	0	90	0	0	0	0	1	0	0	0	2023년 11월 다함께돌봄센터 종사자 관리자		20231129	20231129	0	1770	0			13282	23140	0	0	300000	0	0	0	0	0	0	0	0	0	0	0	160	135980	20231129	34886	0	0	20231129	163128	0073370001	1770	68					20231129	164019			대체	0	0	0	0	0	1	0	0	0	0	0	0	0	0	0		0	0	0	0	2310782142	0	0			0	0	0			0	0	0	0	0	0	0	1	0	0	0	Z1					0	0	0	0	0	0	0	45412	0	0	0	0	0	0	0	000000000000000000000000000000000000000000				02824501100000023				
28	0	24	25	1	9999	1	20231129	2029945	2	80	0	0	0	0	0	0	0	1	0	0	0	02-04097629		20231129	20231129	0	7127	0					0	0	33	0	0	0	0	0	0	0	0	0	0	0	160	75274	20231129	2029945	0	0	20231129	163143	EXTGEAN030	7127	00000243					20231129	164019			대체	0	0	0	0	0	1	0	0	0	0	0	0	0	0	0		0	0	0	0	0	0	0			0	0	0			0	0	0	0	0	0	0	1	0	0	0	K3					0	0	0	0	0	0	0	80542	0	0	0	0	0	0	0	000000000000000000000000000000000000000000				02800024250000199				
28	245	1	10	0	2023	1	20231129	34887	2	67	0	0	90	0	0	0	0	1	0	0	0	2023년도 드림스타트 사업보고대회 참석자		20231129	20231129	0	1770	0			13281	23139	0	0	327800	0	0	0	0	0	0	0	0	0	0	0	160	135980	20231129	34887	0	0	20231129	163145	0073370001	1770	68					20231129	164019			대체	0	0	0	0	0	1	0	0	0	0	0	0	0	0	0		0	0	0	0	2310782142	0	0			0	0	0			0	0	0	0	0	0	0	1	0	0	0	Z1					0	0	0	0	0	0	0	45413	0	0	0	0	0	0	0	000000000000000000000000000000000000000000				02824501100000023				
28	0	1	21	7	2023	1	20231129	95455	2	67	0	0	91	0	0	0	0	1	0	0	0	품목별농업인연구회(치유농업) 교육 참석자		20231129	20231129	0	1770	0			2038	55908	0	0	440000	0	0	0	0	0	0	0	0	0	0	0	160	135950	20231129	95455	0	0	20231129	163552	0073370001	1770	68				02800001100000023	20231129	164019			대체	0	0	0	0	0	1	0	0	0	0	0	0	0	0	0		1	4094	0	0	10577540	0	0			0	0	0			0	0	0	0	0	0	0	1	0	0	0	Z1					0	0	0	0	0	0	0	4094	0	0	0	0	0	0	0	000000000000000000000000000000000000000000				02800001210000723				
28	0	1	10	0	2023	1	20231129	95455	2	67	0	0	91	0	0	0	0	1	0	0	0	품목별농업인연구회(치유농업) 교육 참석자		20231129	20231129	0	1770	0			2038	55908	0	0	440000	0	0	0	0	0	0	0	0	0	0	0	0	0	20231129	95455	0	0	20231129	163552	0073370001	1770	68				02800001210000723	20231129	164019				0	0	0	0	0	1	0	0	0	0	0	0	0	0	0		1	118685	0	0	25870847491	0	0			0	0	0			0	0	0	0	0	0	0	0	0	0	0	Z1					0	0	0	0	0	0	0	141728	0	0	0	0	0	0	0					02800001100000023				
28	0	1	21	7	2023	1	20231129	95456	2	67	0	0	91	0	0	0	0	1	0	0	0	공용차량(21무9147) 정비비용 지출		20231129	20231129	0	1770	0			2022	55858	0	0	40000	0	0	0	0	0	0	0	0	0	0	0	160	135950	20231129	95456	0	0	20231129	163553	0073370001	1770	68				02800001100000023	20231129	164019			대체	0	0	0	0	0	1	0	0	0	0	0	0	0	0	0		1	4095	0	0	10537540	0	0			0	0	0			0	0	0	0	0	0	0	1	0	0	0	Z1					0	0	0	0	0	0	0	4095	0	0	0	0	0	0	0	000000000000000000000000000000000000000000				02800001210000723				
28	0	1	10	0	2023	1	20231129	95456	2	67	0	0	91	0	0	0	0	1	0	0	0	공용차량(21무9147) 정비비용 지출		20231129	20231129	0	1770	0			2022	55858	0	0	40000	0	0	0	0	0	0	0	0	0	0	0	0	0	20231129	95456	0	0	20231129	163553	0073370001	1770	68				02800001210000723	20231129	164020				0	0	0	0	0	1	0	0	0	0	0	0	0	0	0		1	118686	0	0	25870807491	0	0			0	0	0			0	0	0	0	0	0	0	0	0	0	0	Z1					0	0	0	0	0	0	0	141729	0	0	0	0	0	0	0					02800001100000023				
28	0	1	21	7	2023	1	20231129	95457	2	67	0	0	91	0	0	0	0	1	0	0	0	청사시설 유지관리 비용 지출(보일러배관		20231129	20231129	0	1770	0			2014	55850	0	0	1100000	0	0	0	0	0	0	0	0	0	0	0	160	135950	20231129	95457	0	0	20231129	163554	0073370001	1770	68				02800001100000023	20231129	164020			대체	0	0	0	0	0	1	0	0	0	0	0	0	0	0	0		1	4096	0	0	9437540	0	0			0	0	0			0	0	0	0	0	0	0	1	0	0	0	Z1					0	0	0	0	0	0	0	4096	0	0	0	0	0	0	0	000000000000000000000000000000000000000000				02800001210000723				
28	0	1	10	0	2023	1	20231129	95457	2	67	0	0	91	0	0	0	0	1	0	0	0	청사시설 유지관리 비용 지출(보일러배관		20231129	20231129	0	1770	0			2014	55850	0	0	1100000	0	0	0	0	0	0	0	0	0	0	0	0	0	20231129	95457	0	0	20231129	163554	0073370001	1770	68				02800001210000723	20231129	164020				0	0	0	0	0	1	0	0	0	0	0	0	0	0	0		1	118687	0	0	25869707491	0	0			0	0	0			0	0	0	0	0	0	0	0	0	0	0	Z1					0	0	0	0	0	0	0	141730	0	0	0	0	0	0	0					02800001100000023				
28	185	1	10	0	2023	1	20231201	40070	2	67	0	0	91	0	0	0	0	0	0	0	0	「비만예방 어린이 점핑운동교실」 강사료		20231201	20231201	0	7168	0			4134	29929	0	0	1500000	0	0	0	0	0	0	0	0	0	0	0	0	0	20231201	40070	109383235161	0	20231201	131334	0073370001	7168	68				02818501210000223	20231201	132002				0	0	0	0	0	1	0	0	0	0	0	0	0	0	0		1	46307	0	0	3530694611	0	0			0	0	0			0	0	0	0	0	0	0	0	0	0	0	Z1					0	0	0	0	0	0	0	59669	0	0	0	0	0	0	0					02818501100000023			20231212144525	NS6201_20231201.dat
28	185	1	10	0	2023	1	20231201	40071	2	67	0	0	91	0	0	0	0	0	0	0	0	2023년도 하반기 표본감시 감염병 운영경비		20231201	20231201	0	7168	0			4130	29923	0	0	1920000	0	0	0	0	0	0	0	0	0	0	0	0	0	20231201	40071	109381315161	0	20231201	131337	0073370001	7168	68				02818501210000223	20231201	132005				0	0	0	0	0	1	0	0	0	0	0	0	0	0	0		1	46308	0	0	3528774611	0	0			0	0	0			0	0	0	0	0	0	0	0	0	0	0	Z1					0	0	0	0	0	0	0	59670	0	0	0	0	0	0	0					02818501100000023			20231212144525	NS6201_20231201.dat
28	185	1	10	0	2023	1	20231201	40072	2	67	0	0	92	0	0	0	0	0	0	0	0	유통업관련 출장여비(10월)		20231201	20231201	0	7168	0			468	11222	0	0	20000	0	0	0	0	0	0	0	0	0	0	0	0	0	20231201	40072	109381295161	0	20231201	132002	0073370001	7168	68				02818501250001623	20231201	133002				0	0	0	0	0	1	0	0	0	0	0	0	0	0	0		1	46310	0	0	3576584611	0	0			0	0	0			0	0	0	0	0	0	0	0	0	0	0	Z1					0	0	0	0	0	0	0	59672	0	0	0	0	0	0	0					02818501100000023			20231212144525	NS6201_20231201.dat
28	170	1	10	0	2023	1	20231129	56445	2	67	0	0	90	0	0	0	0	1	0	0	0	노면진공흡입차량 경유비 지출(91다0603)		20231129	20231129	0	7128	0			28038	47838	0	0	152180	0	0	0	0	0	0	0	0	0	0	0	160	135974	20231129	56445	0	0	20231129	163827	0073370001	7128	68					20231129	164027			대체	0	0	0	0	0	1	0	0	0	0	0	0	0	0	0		0	0	0	0	673806521	0	0			0	0	0			0	0	0	0	0	0	0	1	0	0	0	Z1					0	0	0	0	0	0	0	78064	0	0	0	0	0	0	0	000000000000000000000000000000000000000000				02817001100000023				
28	170	1	10	0	2023	1	20231129	56446	2	67	0	0	90	0	0	0	0	1	0	0	0	문학산 정상 등산로 전기요금 11월분 지출		20231129	20231129	0	7128	0			28036	47836	0	0	40500	0	0	0	0	0	0	0	0	0	0	0	160	135974	20231129	56446	0	0	20231129	163829	0073370001	7128	68					20231129	164027			대체	0	0	0	0	0	1	0	0	0	0	0	0	0	0	0		0	0	0	0	673806521	0	0			0	0	0			0	0	0	0	0	0	0	1	0	0	0	Z1					0	0	0	0	0	0	0	78065	0	0	0	0	0	0	0	000000000000000000000000000000000000000000				02817001100000023				
28	170	1	10	0	2023	1	20231129	56447	2	67	0	0	90	0	0	0	0	1	0	0	0	숭의1,3동 행정복지센터 일원 도로개설공사		20231129	20231129	0	7128	0			28052	47852	0	0	2527760	0	0	0	0	0	0	0	0	0	0	0	160	135974	20231129	56447	0	0	20231129	163833	0073370001	7128	68					20231129	164028			대체	0	0	0	0	0	1	0	0	0	0	0	0	0	0	0		0	0	0	0	672973521	0	0			0	0	0			0	0	0	0	0	0	0	1	0	0	0	Z1					0	0	0	0	0	0	0	78067	0	0	0	0	0	0	0	000000000000000000000000000000000000000000				02817001100000023				
28	0	1	21	17	2023	1	20231129	95482	2	67	0	0	91	0	0	0	0	1	0	0	0	권역공원팀 공무직 근로자 피복 구입		20231129	20231129	0	7127	0			2345	55975	0	0	1560400	0	0	0	0	0	0	0	0	0	0	0	160	135950	20231129	95482	0	0	20231129	164324	0073370001	7127	68				02800001100000023	20231129	165008			대체	0	0	0	0	0	1	0	0	0	0	0	0	0	0	0		1	4786	0	0	3844120	0	0			0	0	0			0	0	0	0	0	0	0	1	0	0	0	Z1					0	0	0	0	0	0	0	4786	0	0	0	0	0	0	0	000000000000000000000000000000000000000000				02800001210001723				
28	0	1	10	0	2023	1	20231129	95482	2	67	0	0	91	0	0	0	0	1	0	0	0	권역공원팀 공무직 근로자 피복 구입		20231129	20231129	0	7127	0			2345	55975	0	0	1560400	0	0	0	0	0	0	0	0	0	0	0	0	0	20231129	95482	0	0	20231129	164324	0073370001	7127	68				02800001210001723	20231129	165008				0	0	0	0	0	1	0	0	0	0	0	0	0	0	0		1	118711	0	0	25859043371	0	0			0	0	0			0	0	0	0	0	0	0	0	0	0	0	Z1					0	0	0	0	0	0	0	141755	0	0	0	0	0	0	0					02800001100000023				
28	0	1	21	17	2023	1	20231129	95483	2	67	0	0	91	0	0	0	0	1	0	0	0	인천수목원 온실 방충문 설치		20231129	20231129	0	7127	0			2348	55978	0	0	1793000	0	0	0	0	0	0	0	0	0	0	0	160	135950	20231129	95483	0	0	20231129	164327	0073370001	7127	68				02800001100000023	20231129	165008			대체	0	0	0	0	0	1	0	0	0	0	0	0	0	0	0		1	4787	0	0	2051120	0	0			0	0	0			0	0	0	0	0	0	0	1	0	0	0	Z1					0	0	0	0	0	0	0	4787	0	0	0	0	0	0	0	000000000000000000000000000000000000000000				02800001210001723				
28	0	1	10	0	2023	1	20231129	95483	2	67	0	0	91	0	0	0	0	1	0	0	0	인천수목원 온실 방충문 설치		20231129	20231129	0	7127	0			2348	55978	0	0	1793000	0	0	0	0	0	0	0	0	0	0	0	0	0	20231129	95483	0	0	20231129	164327	0073370001	7127	68				02800001210001723	20231129	165008				0	0	0	0	0	1	0	0	0	0	0	0	0	0	0		1	118712	0	0	25857250371	0	0			0	0	0			0	0	0	0	0	0	0	0	0	0	0	Z1					0	0	0	0	0	0	0	141756	0	0	0	0	0	0	0					02800001100000023				
28	0	1	21	17	2023	1	20231129	95484	2	67	0	0	91	0	0	0	0	1	0	0	0	수목원 전기카트 수리		20231129	20231129	0	7127	0			2347	55977	0	0	968000	0	0	0	0	0	0	0	0	0	0	0	160	135950	20231129	95484	0	0	20231129	164328	0073370001	7127	68				02800001100000023	20231129	165008			대체	0	0	0	0	0	1	0	0	0	0	0	0	0	0	0		1	4788	0	0	1083120	0	0			0	0	0			0	0	0	0	0	0	0	1	0	0	0	Z1					0	0	0	0	0	0	0	4788	0	0	0	0	0	0	0	000000000000000000000000000000000000000000				02800001210001723				
28	0	1	10	0	2023	1	20231129	95484	2	67	0	0	91	0	0	0	0	1	0	0	0	수목원 전기카트 수리		20231129	20231129	0	7127	0			2347	55977	0	0	968000	0	0	0	0	0	0	0	0	0	0	0	0	0	20231129	95484	0	0	20231129	164328	0073370001	7127	68				02800001210001723	20231129	165008				0	0	0	0	0	1	0	0	0	0	0	0	0	0	0		1	118713	0	0	25856282371	0	0			0	0	0			0	0	0	0	0	0	0	0	0	0	0	Z1					0	0	0	0	0	0	0	141757	0	0	0	0	0	0	0					02800001100000023				
28	0	1	23	16	2023	1	20231129	95485	2	67	0	0	91	0	0	0	0	1	0	0	0	인천대공원 재해영향평가(행정계획,개발사		20231129	20231129	0	7127	0			128	55973	0	0	32696000	0	0	0	0	0	0	0	0	0	0	0	160	135950	20231129	95485	0	0	20231129	164332	0073370001	7127	68				02800001100000023	20231129	165008			대체	0	0	0	0	0	1	0	0	0	0	0	0	0	0	0		1	164	0	0	77411400	0	0			0	0	0			0	0	0	0	0	0	0	1	0	0	0	Z1					0	0	0	0	0	0	0	164	0	0	0	0	0	0	0	000000000000000000000000000000000000000000				02800001230001623				
28	0	1	10	0	2023	1	20231129	95485	2	67	0	0	91	0	0	0	0	1	0	0	0	인천대공원 재해영향평가(행정계획,개발사		20231129	20231129	0	7127	0			128	55973	0	0	32696000	0	0	0	0	0	0	0	0	0	0	0	0	0	20231129	95485	0	0	20231129	164332	0073370001	7127	68				02800001230001623	20231129	165008				0	0	0	0	0	1	0	0	0	0	0	0	0	0	0		1	118714	0	0	25823586371	0	0			0	0	0			0	0	0	0	0	0	0	0	0	0	0	Z1					0	0	0	0	0	0	0	141758	0	0	0	0	0	0	0					02800001100000023				
28	0	1	23	16	2023	1	20231129	95486	2	67	0	0	91	0	0	0	0	1	0	0	0	인천 치유의 숲 조성사업 실시설계용역 이		20231129	20231129	0	7127	0			127	55972	0	0	32984700	0	0	0	0	0	0	0	0	0	0	0	160	135950	20231129	95486	0	0	20231129	164336	0073370001	7127	68				02800001100000023	20231129	165009			대체	0	0	0	0	0	1	0	0	0	0	0	0	0	0	0		1	165	0	0	44426700	0	0			0	0	0			0	0	0	0	0	0	0	1	0	0	0	Z1					0	0	0	0	0	0	0	165	0	0	0	0	0	0	0	000000000000000000000000000000000000000000				02800001230001623				
28	0	1	10	0	2023	1	20231129	95486	2	67	0	0	91	0	0	0	0	1	0	0	0	인천 치유의 숲 조성사업 실시설계용역 이		20231129	20231129	0	7127	0			127	55972	0	0	32984700	0	0	0	0	0	0	0	0	0	0	0	0	0	20231129	95486	0	0	20231129	164336	0073370001	7127	68				02800001230001623	20231129	165009				0	0	0	0	0	1	0	0	0	0	0	0	0	0	0		1	118715	0	0	25790601671	0	0			0	0	0			0	0	0	0	0	0	0	0	0	0	0	Z1					0	0	0	0	0	0	0	141759	0	0	0	0	0	0	0					02800001100000023				
28	0	24	25	1	9999	1	20231129	2029952	2	80	0	0	0	0	0	0	0	1	0	0	0	02-04097636		20231129	20231129	0	7127	0					0	0	105	0	0	0	0	0	0	0	0	0	0	0	160	75274	20231129	2029952	0	0	20231129	164422	EXTGEAN030	7127	00000243					20231129	165009			대체	0	0	0	0	0	1	0	0	0	0	0	0	0	0	0		0	0	0	0	0	0	0			0	0	0			0	0	0	0	0	0	0	1	0	0	0	K3					0	0	0	0	0	0	0	80549	0	0	0	0	0	0	0	000000000000000000000000000000000000000000				02800024250000199				
28	0	24	25	1	9999	1	20231129	2029910	2	80	0	0	0	0	0	0	0	1	0	0	0	02-04097594		20231129	20231129	0	7168	0					0	0	58	0	0	0	0	0	0	0	0	0	0	0	160	75274	20231129	2029910	0	0	20231129	154426	0810070000	7168	00005003					20231129	155004			대체	0	0	0	0	0	1	0	0	0	0	0	0	0	0	0		0	0	0	0	0	0	0			0	0	0			0	0	0	0	0	0	0	1	0	0	0	C0					0	0	0	0	0	0	0	80507	0	0	0	0	0	0	0	000000000000000000000000000000000000000000				02800024250000199				
28	0	43	21	0	9999	1	20231129	10016	2	67	0	0	0	0	0	0	0	1	0	0	0	공기충전기 표준압력계 구입		20231129	20231129	0	7127	0			2130	26072	0	0	374000	0	0	0	0	0	0	0	0	0	0	0	160	125340	20231129	10016	0	0	20231129	154609	0073370001	7127	68					20231129	155004			대체	0	0	0	0	0	1	0	0	0	0	0	0	0	0	0		0	0	0	0	0	0	0			0	0	0			0	0	0	0	0	0	0	1	0	0	0	Z1					0	0	0	0	0	0	0	2685	0	0	0	0	0	0	0	000000000000000000000000000000000000000000				02800043210000099				
28	0	43	21	0	9999	1	20231129	10017	2	67	0	0	0	0	0	0	0	1	0	0	0	용현119안전센터 일반수용비(사무용품 등		20231129	20231129	0	7127	0			2133	26075	0	0	386270	0	0	0	0	0	0	0	0	0	0	0	160	125340	20231129	10017	0	0	20231129	154609	0073370001	7127	68					20231129	155004			대체	0	0	0	0	0	1	0	0	0	0	0	0	0	0	0		0	0	0	0	0	0	0			0	0	0			0	0	0	0	0	0	0	1	0	0	0	Z1					0	0	0	0	0	0	0	2686	0	0	0	0	0	0	0	000000000000000000000000000000000000000000				02800043210000099				
28	0	43	21	0	9999	1	20231129	10018	2	67	0	0	0	0	0	0	0	1	0	0	0	도화119안전센터 일반수용비(직원복지물품		20231129	20231129	0	7127	0			2131	26073	0	0	305000	0	0	0	0	0	0	0	0	0	0	0	160	125340	20231129	10018	0	0	20231129	154610	0073370001	7127	68					20231129	155005			대체	0	0	0	0	0	1	0	0	0	0	0	0	0	0	0		0	0	0	0	0	0	0			0	0	0			0	0	0	0	0	0	0	1	0	0	0	Z1					0	0	0	0	0	0	0	2687	0	0	0	0	0	0	0	000000000000000000000000000000000000000000				02800043210000099				
28	0	43	21	0	9999	1	20231129	10019	2	67	0	0	0	0	0	0	0	1	0	0	0	2023년 구급대원 재난대응활동 지원 출동간		20231129	20231129	0	7127	0			256	26071	0	0	23000	0	0	0	0	0	0	0	0	0	0	0	160	125340	20231129	10019	0	0	20231129	154611	0073370001	7127	68					20231129	155005			대체	0	0	0	0	0	1	0	0	0	0	0	0	0	0	0		0	0	0	0	0	0	0			0	0	0			0	0	0	0	0	0	0	1	0	0	0	Z1					0	0	0	0	0	0	0	2688	0	0	0	0	0	0	0	000000000000000000000000000000000000000000				02800043210000099				
28	140	1	25	105	2023	1	20231129	31829	2	67	0	0	92	0	0	0	0	1	0	0	0	경조사비 지출(구청장)		20231129	20231129	0	7172	0			955	8453	0	0	50000	0	0	0	0	0	0	0	0	0	0	0	160	135942	20231129	31829	0	0	20231129	154638	0073370001	7172	68				02814001100000023	20231129	155005			대체	0	0	0	0	0	1	0	0	0	0	0	0	0	0	0		1	692	0	0	23020710	0	0			0	0	0			0	0	0	0	0	0	0	1	0	0	0	Z1					0	0	0	0	0	0	0	692	0	0	0	0	0	0	0	000000000000000000000000000000000000000000				02814001250010523				
28	140	1	10	0	2023	1	20231129	31829	2	67	0	0	92	0	0	0	0	1	0	0	0	경조사비 지출(구청장)		20231129	20231129	0	7172	0			955	8453	0	0	50000	0	0	0	0	0	0	0	0	0	0	0	0	0	20231129	31829	0	0	20231129	154638	0073370001	7172	68				02814001250010523	20231129	155005				0	0	0	0	0	1	0	0	0	0	0	0	0	0	0		1	27587	0	0	1199405320	0	0			0	0	0			0	0	0	0	0	0	0	0	0	0	0	Z1					0	0	0	0	0	0	0	42234	0	0	0	0	0	0	0					02814001100000023				
28	0	24	25	1	9999	1	20231129	2029912	2	80	0	0	0	0	0	0	0	1	0	0	0	02-04097596		20231129	20231129	0	7311	0					0	0	10	0	0	0	0	0	0	0	0	0	0	0	160	75274	20231129	2029912	0	0	20231129	154646	0007010000	7311	14603616					20231129	155005			대체	0	0	0	0	0	1	0	0	0	0	0	0	0	0	0		0	0	0	0	0	0	0			0	0	0			0	0	0	0	0	0	0	1	0	0	0	A0					0	0	0	0	0	0	0	80509	0	0	0	0	0	0	0	000000000000000000000000000000000000000000				02800024250000199				
28	140	1	10	0	2023	1	20231129	31843	2	67	0	0	92	0	0	0	0	1	0	0	0	2023년 11월 공공체육시설 전기요금 납부		20231129	20231129	0	7172	0			498	8446	0	0	545370	0	0	0	0	0	0	0	0	0	0	0	0	0	20231129	31843	0	0	20231129	161556	0073370001	7172	68				02814001250014723	20231129	162016				0	0	0	0	0	1	0	0	0	0	0	0	0	0	0		1	27599	0	0	1196945150	0	0			0	0	0			0	0	0	0	0	0	0	0	0	0	0	Z1					0	0	0	0	0	0	0	42248	0	0	0	0	0	0	0					02814001100000023				
28	200	1	10	0	2023	1	20231129	51738	2	67	0	0	90	0	0	0	0	1	0	0	0	2023년 꽃 양묘장 운영인부 건강·장기요양		20231129	20231129	0	7169	0			16066	35516	0	0	599820	0	0	0	0	0	0	0	0	0	0	0	160	135935	20231129	51738	0	0	20231129	161746	0073370001	7169	68					20231129	162016			대체	0	0	0	0	0	1	0	0	0	0	0	0	0	0	0		0	0	0	0	3804024197	0	0			0	0	0			0	0	0	0	0	0	0	1	0	0	0	Z1					0	0	0	0	0	0	0	73270	0	0	0	0	0	0	0	000000000000000000000000000000000000000000				02820001100000023				
28	200	1	10	0	2023	1	20231129	51740	2	67	0	0	90	0	0	0	0	1	0	0	0	2023년 학교숲코디네이터 건강, 장기요양보		20231129	20231129	0	7169	0			16064	35514	0	0	192840	0	0	0	0	0	0	0	0	0	0	0	160	135935	20231129	51740	0	0	20231129	161747	0073370001	7169	68					20231129	162016			대체	0	0	0	0	0	1	0	0	0	0	0	0	0	0	0		0	0	0	0	3804024197	0	0			0	0	0			0	0	0	0	0	0	0	1	0	0	0	Z1					0	0	0	0	0	0	0	73272	0	0	0	0	0	0	0	000000000000000000000000000000000000000000				02820001100000023				
28	200	1	10	0	2023	1	20231129	51741	2	67	0	0	90	0	0	0	0	1	0	0	0	모빌리티 정원 및 그늘목 쉼터 조성공사(전		20231129	20231129	0	7169	0			16087	35541	0	0	45836780	0	0	0	0	0	0	0	0	0	0	0	160	135935	20231129	51741	0	0	20231129	161748	0073370001	7169	68					20231129	162016			대체	0	0	0	0	0	1	0	0	0	0	0	0	0	0	0		0	0	0	0	3804024197	0	0			0	0	0			0	0	0	0	0	0	0	1	0	0	0	Z1					0	0	0	0	0	0	0	73273	0	0	0	0	0	0	0	000000000000000000000000000000000000000000				02820001100000023				
28	200	1	25	54	2023	1	20231129	51742	2	67	0	0	92	0	0	0	0	1	0	0	0	2023년 11월 전통시장 공중화장실 비상벨		20231129	20231129	0	7169	0			328	15544	0	0	28600	0	0	0	0	0	0	0	0	0	0	0	160	135935	20231129	51742	0	0	20231129	161748	0073370001	7169	68				02820001100000023	20231129	162016			대체	0	0	0	0	0	1	0	0	0	0	0	0	0	0	0		1	362	0	0	42005950	0	0			0	0	0			0	0	0	0	0	0	0	1	0	0	0	Z1					0	0	0	0	0	0	0	362	0	0	0	0	0	0	0	000000000000000000000000000000000000000000				02820001250005423				
28	200	1	10	0	2023	1	20231129	51742	2	67	0	0	92	0	0	0	0	1	0	0	0	2023년 11월 전통시장 공중화장실 비상벨		20231129	20231129	0	7169	0			328	15544	0	0	28600	0	0	0	0	0	0	0	0	0	0	0	0	0	20231129	51742	0	0	20231129	161748	0073370001	7169	68				02820001250005423	20231129	162016				0	0	0	0	0	1	0	0	0	0	0	0	0	0	0		1	55502	0	0	3803995597	0	0			0	0	0			0	0	0	0	0	0	0	0	0	0	0	Z1					0	0	0	0	0	0	0	73274	0	0	0	0	0	0	0					02820001100000023				
28	140	1	10	0	2023	1	20231129	31830	2	67	0	0	92	0	0	0	0	1	0	0	0	경조사비 지출(부구청장)		20231129	20231129	0	7172	0			957	8455	0	0	100000	0	0	0	0	0	0	0	0	0	0	0	0	0	20231129	31830	0	0	20231129	154803	0073370001	7172	68				02814001250010523	20231129	155006				0	0	0	0	0	1	0	0	0	0	0	0	0	0	0		1	27588	0	0	1199305320	0	0			0	0	0			0	0	0	0	0	0	0	0	0	0	0	Z1					0	0	0	0	0	0	0	42235	0	0	0	0	0	0	0					02814001100000023				
28	140	1	10	0	2023	1	20231129	31832	2	67	0	0	90	0	0	0	0	1	0	0	0	금창동 도시재생 집수리 지원사업 점검단		20231129	20231129	0	7172	0			13389	22717	0	0	5189280	0	0	0	0	0	0	0	0	0	0	0	160	135942	20231129	31832	0	0	20231129	154840	0073370001	7172	68					20231129	155007			대체	0	0	0	0	0	1	0	0	0	0	0	0	0	0	0		0	0	0	0	1199205320	0	0			0	0	0			0	0	0	0	0	0	0	1	0	0	0	Z1					0	0	0	0	0	0	0	42237	0	0	0	0	0	0	0	000000000000000000000000000000000000000000				02814001100000023				
110	0	80	90	17	2023	1	20231129	3797	2	67	0	0	0	0	0	0	0	1	0	0	0	지출원자금배정		20231129	20231129	0	7081	0					0	1	8503680	0	0	0	0	0	0	0	0	0	0	0	160	112986	20231129	3797	0	0	20231129	154846	0072950000	7081	06606970					20231129	155007			대체	0	0	0	0	0	1	0	0	0	0	0	0	0	0	0		0	0	0	0	0	0	0			0	0	0			0	0	0	0	0	0	0	1	0	0	0	A0					0	0	0	0	0	0	0	182	0	0	0	0	0	0	0	000000000000000000000000000000000000000000				11000080900001723				
110	0	80	90	17	2023	1	20231129	3798	2	61	0	0	1	0	0	0	0	1	0	0	0	남산면자금배정		20231129	20231129	0	7081	0	1				0	0	5390000	0	0	0	0	0	0	0	0	0	0	0	160	112986	20231129	3798	0	0	20231129	154920	0072950000	7081	06606970					20231129	155007			대체	0	0	0	0	0	1	0	0	0	0	0	0	0	0	0		0	0	0	0	0	0	0			0	0	0			0	0	0	0	0	0	0	1	0	0	0	A0					0	0	0	0	0	0	0	183	0	0	0	0	0	0	0	000000000000000000000000000000000000000000				11000080900001723				
28	0	24	25	1	9999	1	20231129	2029915	2	80	0	0	0	0	0	0	0	1	0	0	0	02-04097599		20231129	20231129	0	7132	0					0	0	19	0	0	0	0	0	0	0	0	0	0	0	160	75274	20231129	2029915	0	0	20231129	155027	0007010000	7132	13606107					20231129	160005			대체	0	0	0	0	0	1	0	0	0	0	0	0	0	0	0		0	0	0	0	0	0	0			0	0	0			0	0	0	0	0	0	0	1	0	0	0	A0					0	0	0	0	0	0	0	80512	0	0	0	0	0	0	0	000000000000000000000000000000000000000000				02800024250000199				
28	110	1	21	0	2023	1	20231129	43624	2	67	0	0	91	0	0	0	0	1	0	0	0	2023년도 코로나19 예방접종 시행비 지급(		20231129	20231129	0	7132	0			2639	32314	0	0	33003630	0	0	0	0	0	0	0	0	0	0	0	160	135967	20231129	43624	0	0	20231129	155049	0073370001	7132	68				02811001100000023	20231129	160006			대체	0	0	0	0	0	1	0	0	0	0	0	0	0	0	0		1	5284	0	0	585180	0	0			0	0	0			0	0	0	0	0	0	0	1	0	0	0	Z1					0	0	0	0	0	0	0	5284	0	0	0	0	0	0	0	000000000000000000000000000000000000000000				02811001210000023				
28	110	1	10	0	2023	1	20231129	43624	2	67	0	0	91	0	0	0	0	1	0	0	0	2023년도 코로나19 예방접종 시행비 지급(		20231129	20231129	0	7132	0			2639	32314	0	0	33003630	0	0	0	0	0	0	0	0	0	0	0	0	0	20231129	43624	0	0	20231129	155049	0073370001	7132	68				02811001210000023	20231129	160006				0	0	0	0	0	1	0	0	0	0	0	0	0	0	0		1	33513	0	0	1128542829	0	0			0	0	0			0	0	0	0	0	0	0	0	0	0	0	Z1					0	0	0	0	0	0	0	56063	0	0	0	0	0	0	0					02811001100000023				
28	200	1	10	0	2023	1	20231129	51759	2	67	0	0	90	0	0	0	0	1	0	0	0	남동구 보훈회관 2023년도 전기안전관리 대		20231129	20231129	0	7169	0			16082	35536	0	0	135000	0	0	0	0	0	0	0	0	0	0	0	160	135935	20231129	51759	0	0	20231129	161800	0073370001	7169	68					20231129	162018			대체	0	0	0	0	0	1	0	0	0	0	0	0	0	0	0		0	0	0	0	3812693927	0	0			0	0	0			0	0	0	0	0	0	0	1	0	0	0	Z1					0	0	0	0	0	0	0	73295	0	0	0	0	0	0	0	000000000000000000000000000000000000000000				02820001100000023				
28	200	30	20	0	2023	1	20231129	14938	2	67	0	0	0	0	0	0	0	1	0	0	0	불법 주정차 CCTV 전기요금 지출(11월 청구		20231129	20231129	0	7169	0			850	850	0	0	2891110	0	0	0	0	0	0	0	0	0	0	0	160	108070	20231129	14938	0	0	20231129	161800	0073370001	7169	68					20231129	162018			대체	0	0	0	0	0	1	0	0	0	0	0	0	0	0	0		0	0	0	0	0	0	0			0	0	0			0	0	0	0	0	0	0	1	0	0	0	Z1					0	0	0	0	0	0	0	951	0	0	0	0	0	0	0	000000000000000000000000000000000000000000				02820030200000023				
28	200	1	10	0	2023	1	20231129	51760	2	67	0	0	90	0	0	0	0	1	0	0	0	남동구 보훈회관 2023년도 승강기 점검관리		20231129	20231129	0	7169	0			16083	35537	0	0	126000	0	0	0	0	0	0	0	0	0	0	0	160	135935	20231129	51760	0	0	20231129	161800	0073370001	7169	68					20231129	162018			대체	0	0	0	0	0	1	0	0	0	0	0	0	0	0	0		0	0	0	0	3812693927	0	0			0	0	0			0	0	0	0	0	0	0	1	0	0	0	Z1					0	0	0	0	0	0	0	73296	0	0	0	0	0	0	0	000000000000000000000000000000000000000000				02820001100000023				
28	200	1	25	54	2023	1	20231129	51761	2	67	0	0	92	0	0	0	0	1	0	0	0	2023년 11월분 전통시장 공중화장실 전기요		20231129	20231129	0	7169	0			329	15545	0	0	694940	0	0	0	0	0	0	0	0	0	0	0	160	135935	20231129	51761	0	0	20231129	161803	0073370001	7169	68				02820001100000023	20231129	162018			대체	0	0	0	0	0	1	0	0	0	0	0	0	0	0	0		1	364	0	0	40787750	0	0			0	0	0			0	0	0	0	0	0	0	1	0	0	0	Z1					0	0	0	0	0	0	0	364	0	0	0	0	0	0	0	000000000000000000000000000000000000000000				02820001250005423				
28	200	1	10	0	2023	1	20231129	51761	2	67	0	0	92	0	0	0	0	1	0	0	0	2023년 11월분 전통시장 공중화장실 전기요		20231129	20231129	0	7169	0			329	15545	0	0	694940	0	0	0	0	0	0	0	0	0	0	0	0	0	20231129	51761	0	0	20231129	161803	0073370001	7169	68				02820001250005423	20231129	162018				0	0	0	0	0	1	0	0	0	0	0	0	0	0	0		1	55522	0	0	3815893987	0	0			0	0	0			0	0	0	0	0	0	0	0	0	0	0	Z1					0	0	0	0	0	0	0	73300	0	0	0	0	0	0	0					02820001100000023				
28	200	1	10	0	2023	1	20231129	51763	2	67	0	0	90	0	0	0	0	1	0	0	0	2023년 4분기 아이돌봄 지원사업 보조금(예		20231129	20231129	0	7169	0			16073	35523	0	0	300000000	0	0	0	0	0	0	0	0	0	0	0	160	135935	20231129	51763	0	0	20231129	161803	0073370001	7169	68					20231129	162018			대체	0	0	0	0	0	1	0	0	0	0	0	0	0	0	0		0	0	0	0	3815879137	0	0			0	0	0			0	0	0	0	0	0	0	1	0	0	0	Z1					0	0	0	0	0	0	0	73302	0	0	0	0	0	0	0	000000000000000000000000000000000000000000				02820001100000023				
28	200	1	10	0	2023	1	20231201	52016	2	67	0	0	90	0	0	0	0	0	0	0	0	2023년 12월분 시간선택제임기제(청년미디		20231201	20231201	0	7169	0			16168	35693	0	0	43750	0	0	0	0	0	0	0	0	0	0	0	160	135935	20231201	52016	128104107583	0	20231201	100649	0073370001	7169	68					20231201	101008			대체	0	0	0	0	0	1	0	0	0	0	0	0	0	0	0		0	0	0	0	3709293167	0	0			0	0	0			0	0	0	0	0	0	0	1	0	0	0	Z1					0	0	0	0	0	0	0	73627	0	0	0	0	0	0	0	000000000000000000000000000000000000000000				02820001100000023			20231212144525	NS6201_20231201.dat
28	200	1	10	0	2023	1	20231201	52017	2	67	0	0	90	0	0	0	0	0	0	0	0	2023년 12월분 시간선택제임기제(청년미디		20231201	20231201	0	7169	0			16167	35692	0	0	140000	0	0	0	0	0	0	0	0	0	0	0	160	135935	20231201	52017	128103967583	0	20231201	100652	0073370001	7169	68					20231201	101008			대체	0	0	0	0	0	1	0	0	0	0	0	0	0	0	0		0	0	0	0	3709555667	0	0			0	0	0			0	0	0	0	0	0	0	1	0	0	0	Z1					0	0	0	0	0	0	0	73629	0	0	0	0	0	0	0	000000000000000000000000000000000000000000				02820001100000023			20231212144525	NS6201_20231201.dat
28	200	1	10	0	2023	1	20231201	52018	2	67	0	0	90	0	0	0	0	0	0	0	0	2023년 12월분 시간선택제임기제(사회적경		20231201	20231201	0	7169	0			16162	35687	0	0	43750	0	0	0	0	0	0	0	0	0	0	0	160	135935	20231201	52018	128103923833	0	20231201	100653	0073370001	7169	68					20231201	101008			대체	0	0	0	0	0	1	0	0	0	0	0	0	0	0	0		0	0	0	0	3710474387	0	0			0	0	0			0	0	0	0	0	0	0	1	0	0	0	Z1					0	0	0	0	0	0	0	73631	0	0	0	0	0	0	0	000000000000000000000000000000000000000000				02820001100000023			20231212144525	NS6201_20231201.dat
28	200	1	10	0	2023	1	20231129	51788	2	67	0	0	90	0	0	0	0	1	0	0	0	2023년 장애인전용 주차구역 위반관리 시스		20231129	20231129	0	7169	0			16080	35534	0	0	422000	0	0	0	0	0	0	0	0	0	0	0	160	135935	20231129	51788	0	0	20231129	161821	0073370001	7169	68					20231129	162022			대체	0	0	0	0	0	1	0	0	0	0	0	0	0	0	0		0	0	0	0	3824022227	0	0			0	0	0			0	0	0	0	0	0	0	1	0	0	0	Z1					0	0	0	0	0	0	0	73336	0	0	0	0	0	0	0	000000000000000000000000000000000000000000				02820001100000023				
28	200	30	20	0	2023	1	20231129	14941	2	67	0	0	0	0	0	0	0	1	0	0	0	만수동 57-5번지, 57-6번지 건축물 철거 해		20231129	20231129	0	7169	0			849	849	0	0	6175000	0	0	0	0	0	0	0	0	0	0	0	160	108070	20231129	14941	0	0	20231129	161821	0073370001	7169	68					20231129	162022			대체	0	0	0	0	0	1	0	0	0	0	0	0	0	0	0		0	0	0	0	0	0	0			0	0	0			0	0	0	0	0	0	0	1	0	0	0	Z1					0	0	0	0	0	0	0	954	0	0	0	0	0	0	0	000000000000000000000000000000000000000000				02820030200000023				
28	200	1	10	0	2023	1	20231129	51790	2	67	0	0	90	0	0	0	0	1	0	0	0	2023년 생활폐기물 수집운반 대행업체 평가		20231129	20231129	0	7169	0			16086	35540	0	0	18960000	0	0	0	0	0	0	0	0	0	0	0	160	135935	20231129	51790	0	0	20231129	161821	0073370001	7169	68					20231129	162022			대체	0	0	0	0	0	1	0	0	0	0	0	0	0	0	0		0	0	0	0	3824022227	0	0			0	0	0			0	0	0	0	0	0	0	1	0	0	0	Z1					0	0	0	0	0	0	0	73338	0	0	0	0	0	0	0	000000000000000000000000000000000000000000				02820001100000023				
28	0	80	90	18	9999	1	20231129	27	2	67	0	0	0	0	0	0	0	1	0	0	0	2023년 도시철도사업특별회계 전출금(수도		20231129	20231129	0	7127	0			4	365	0	0	2180000000	0	0	0	0	0	0	0	0	0	0	0	160	132597	20231129	27	0	0	20231129	161925	0073370001	7127	68					20231129	162022			대체	0	0	0	0	0	1	0	0	0	0	0	0	0	0	0		0	0	0	0	0	0	0			0	0	0			0	0	0	0	0	0	0	1	0	0	0	Z1					0	0	0	0	0	0	0	8	0	0	0	0	0	0	0	000000000000000000000000000000000000000000				02800080900001899				
28	200	1	10	0	2023	1	20231129	51791	2	67	0	0	90	0	0	0	0	1	0	0	0	전기 요금(11월) 납부(세대통합형 복합시설		20231129	20231129	0	7169	0			16053	35483	0	0	3271020	0	0	0	0	0	0	0	0	0	0	0	160	135935	20231129	51791	0	0	20231129	161930	0073370001	7169	68					20231129	162022			대체	0	0	0	0	0	1	0	0	0	0	0	0	0	0	0		0	0	0	0	3824022227	0	0			0	0	0			0	0	0	0	0	0	0	1	0	0	0	Z1					0	0	0	0	0	0	0	73339	0	0	0	0	0	0	0	000000000000000000000000000000000000000000				02820001100000023				
28	170	1	10	0	2023	1	20231129	56425	2	67	0	0	90	0	0	0	0	1	0	0	0	문화콘텐츠산업지원센터 시설물 수리 및 교		20231129	20231129	0	7128	0			28025	47825	0	0	550000	0	0	0	0	0	0	0	0	0	0	0	160	135974	20231129	56425	0	0	20231129	163751	0073370001	7128	68					20231129	164024			대체	0	0	0	0	0	1	0	0	0	0	0	0	0	0	0		0	0	0	0	671646521	0	0			0	0	0			0	0	0	0	0	0	0	1	0	0	0	Z1					0	0	0	0	0	0	0	78041	0	0	0	0	0	0	0	000000000000000000000000000000000000000000				02817001100000023				
28	170	1	10	0	2023	1	20231129	56426	2	67	0	0	90	0	0	0	0	1	0	0	0	문학산 잔디광장(반려동물 놀이터) 전기요		20231129	20231129	0	7128	0			28037	47837	0	0	119990	0	0	0	0	0	0	0	0	0	0	0	160	135974	20231129	56426	0	0	20231129	163753	0073370001	7128	68					20231129	164024			대체	0	0	0	0	0	1	0	0	0	0	0	0	0	0	0		0	0	0	0	671646521	0	0			0	0	0			0	0	0	0	0	0	0	1	0	0	0	Z1					0	0	0	0	0	0	0	78042	0	0	0	0	0	0	0	000000000000000000000000000000000000000000				02817001100000023				
28	170	1	10	0	2023	1	20231129	56427	2	67	0	0	90	0	0	0	0	1	0	0	0	2023. 11월 공무직(환경공무관) 후생자금		20231129	20231129	0	7128	0			28035	47835	0	0	1000000	0	0	0	0	0	0	0	0	0	0	0	160	135974	20231129	56427	0	0	20231129	163754	0073370001	7128	68					20231129	164024			대체	0	0	0	0	0	1	0	0	0	0	0	0	0	0	0		0	0	0	0	671646521	0	0			0	0	0			0	0	0	0	0	0	0	1	0	0	0	Z1					0	0	0	0	0	0	0	78043	0	0	0	0	0	0	0	000000000000000000000000000000000000000000				02817001100000023				
28	170	1	10	0	2023	1	20231129	56428	2	67	0	0	90	0	0	0	0	1	0	0	0	노면진공흡입차량 경유비 지출(91다0602)		20231129	20231129	0	7128	0			28040	47840	0	0	153150	0	0	0	0	0	0	0	0	0	0	0	160	135974	20231129	56428	0	0	20231129	163755	0073370001	7128	68					20231129	164024			대체	0	0	0	0	0	1	0	0	0	0	0	0	0	0	0		0	0	0	0	671646521	0	0			0	0	0			0	0	0	0	0	0	0	1	0	0	0	Z1					0	0	0	0	0	0	0	78044	0	0	0	0	0	0	0	000000000000000000000000000000000000000000				02817001100000023				
28	110	75	10	3	2023	1	20231129	737	2	61	0	0	1	0	0	0	0	1	0	0	0			20231129	20231129	0	7132	0			11290001	1129100001	0	0	23382920	0	0	0	0	0	0	0	0	0	0	0	160	104676	20231129	737	0	0	20231129	163800	0073370001	7132	68					20231129	164025			대체	0	0	0	0	0	1	0	0	0	0	0	0	0	0	0		0	0	0	0	0	0	0			0	0	0			0	0	0	0	0	0	0	1	0	0	0	Z1					0	0	0	0	0	0	0	108	0	0	0	0	0	0	0	000000000000000000000000000000000000000000				02811075100000323				
28	170	1	10	0	2023	1	20231129	56429	2	67	0	0	90	0	0	0	0	1	0	0	0	백운펌프장 주펌프 토출관 정비 작업비용		20231129	20231129	0	7128	0			28026	47826	0	0	1950000	0	0	0	0	0	0	0	0	0	0	0	160	135974	20231129	56429	0	0	20231129	163802	0073370001	7128	68					20231129	164025			대체	0	0	0	0	0	1	0	0	0	0	0	0	0	0	0		0	0	0	0	673806521	0	0			0	0	0			0	0	0	0	0	0	0	1	0	0	0	Z1					0	0	0	0	0	0	0	78048	0	0	0	0	0	0	0	000000000000000000000000000000000000000000				02817001100000023				
28	170	1	10	0	2023	1	20231129	56430	2	67	0	0	90	0	0	0	0	1	0	0	0	산불예방 현수막 및 어깨띠 구입		20231129	20231129	0	7128	0			28043	47843	0	0	261800	0	0	0	0	0	0	0	0	0	0	0	160	135974	20231129	56430	0	0	20231129	163803	0073370001	7128	68					20231129	164025			대체	0	0	0	0	0	1	0	0	0	0	0	0	0	0	0		0	0	0	0	673806521	0	0			0	0	0			0	0	0	0	0	0	0	1	0	0	0	Z1					0	0	0	0	0	0	0	78049	0	0	0	0	0	0	0	000000000000000000000000000000000000000000				02817001100000023				
28	110	1	24	7	2023	1	20231129	43661	2	67	0	0	91	0	0	0	0	1	0	0	0	2023년 청사 전기설비 안전관리대행 용역		20231129	20231129	0	7132	0			505	32321	0	0	198000	0	0	0	0	0	0	0	0	0	0	0	160	135967	20231129	43661	0	0	20231129	163804	0073370001	7132	68				02811001100000023	20231129	164025			대체	0	0	0	0	0	1	0	0	0	0	0	0	0	0	0		1	1032	0	0	0	0	0			0	0	0			0	0	0	0	0	0	0	1	0	0	0	Z1					0	0	0	0	0	0	0	1032	0	0	0	0	0	0	0	000000000000000000000000000000000000000000				02811001240000723				
28	185	1	10	0	2023	1	20231201	40073	2	67	0	0	92	0	0	0	0	0	0	0	0	10월 출장여비		20231201	20231201	0	7168	0			467	11221	0	0	410000	0	0	0	0	0	0	0	0	0	0	0	0	0	20231201	40073	109380885161	0	20231201	132004	0073370001	7168	68				02818501250001623	20231201	133003				0	0	0	0	0	1	0	0	0	0	0	0	0	0	0		1	46311	0	0	3576174611	0	0			0	0	0			0	0	0	0	0	0	0	0	0	0	0	Z1					0	0	0	0	0	0	0	59673	0	0	0	0	0	0	0					02818501100000023			20231212144525	NS6201_20231201.dat
28	185	1	10	0	2023	1	20231201	40074	2	67	0	0	92	0	0	0	0	0	0	0	0	유통업관련 출장여비(9월)		20231201	20231201	0	7168	0			466	11220	0	0	60000	0	0	0	0	0	0	0	0	0	0	0	0	0	20231201	40074	109380825161	0	20231201	132007	0073370001	7168	68				02818501250001623	20231201	133004				0	0	0	0	0	1	0	0	0	0	0	0	0	0	0		1	46312	0	0	3576114611	0	0			0	0	0			0	0	0	0	0	0	0	0	0	0	0	Z1					0	0	0	0	0	0	0	59674	0	0	0	0	0	0	0					02818501100000023			20231212144525	NS6201_20231201.dat
28	185	1	10	0	2023	1	20231201	40075	2	67	0	0	91	0	0	0	0	0	0	0	0	2023년 11월분 전기요금 납부		20231201	20231201	0	7168	0			334	29917	0	0	1688650	0	0	0	0	0	0	0	0	0	0	0	0	0	20231201	40075	109379136511	0	20231201	134009	0073370001	7168	68				02818501240000623	20231201	135005				0	0	0	0	0	1	0	0	0	0	0	0	0	0	0		1	46314	0	0	3575085961	0	0			0	0	0			0	0	0	0	0	0	0	0	0	0	0	Z1					0	0	0	0	0	0	0	59676	0	0	0	0	0	0	0					02818501100000023			20231212144525	NS6201_20231201.dat
28	245	1	24	2	2023	1	20231129	34907	2	67	0	0	91	0	0	0	0	1	0	0	0	승강기 안전검사 수수료 지급		20231129	20231129	0	1770	0			336	23156	0	0	131560	0	0	0	0	0	0	0	0	0	0	0	160	135980	20231129	34907	0	0	20231129	163557	0073370001	1770	68				02824501100000023	20231129	164020			대체	0	0	0	0	0	1	0	0	0	0	0	0	0	0	0		1	845	0	0	316230	0	0			0	0	0			0	0	0	0	0	0	0	1	0	0	0	Z1					0	0	0	0	0	0	0	845	0	0	0	0	0	0	0	000000000000000000000000000000000000000000				02824501240000223				
28	245	1	10	0	2023	1	20231129	34907	2	67	0	0	91	0	0	0	0	1	0	0	0	승강기 안전검사 수수료 지급		20231129	20231129	0	1770	0			336	23156	0	0	131560	0	0	0	0	0	0	0	0	0	0	0	0	0	20231129	34907	0	0	20231129	163557	0073370001	1770	68				02824501240000223	20231129	164020				0	0	0	0	0	1	0	0	0	0	0	0	0	0	0		1	30591	0	0	2318295282	0	0			0	0	0			0	0	0	0	0	0	0	0	0	0	0	Z1					0	0	0	0	0	0	0	45435	0	0	0	0	0	0	0					02824501100000023				
28	245	1	24	2	2023	1	20231129	34908	2	67	0	0	91	0	0	0	0	1	0	0	0	통장 모집에 따른 면접 심사위원과의 간담		20231129	20231129	0	1770	0			335	23152	0	0	46000	0	0	0	0	0	0	0	0	0	0	0	160	135980	20231129	34908	0	0	20231129	163557	0073370001	1770	68				02824501100000023	20231129	164020			대체	0	0	0	0	0	1	0	0	0	0	0	0	0	0	0		1	846	0	0	270230	0	0			0	0	0			0	0	0	0	0	0	0	1	0	0	0	Z1					0	0	0	0	0	0	0	846	0	0	0	0	0	0	0	000000000000000000000000000000000000000000				02824501240000223				
28	245	1	10	0	2023	1	20231129	34908	2	67	0	0	91	0	0	0	0	1	0	0	0	통장 모집에 따른 면접 심사위원과의 간담		20231129	20231129	0	1770	0			335	23152	0	0	46000	0	0	0	0	0	0	0	0	0	0	0	0	0	20231129	34908	0	0	20231129	163557	0073370001	1770	68				02824501240000223	20231129	164020				0	0	0	0	0	1	0	0	0	0	0	0	0	0	0		1	30592	0	0	2318249282	0	0			0	0	0			0	0	0	0	0	0	0	0	0	0	0	Z1					0	0	0	0	0	0	0	45436	0	0	0	0	0	0	0					02824501100000023				
28	0	1	21	7	2023	1	20231129	95460	2	67	0	0	91	0	0	0	0	1	0	0	0	2023년 원예활용 치유농업프로그램 운영 재		20231129	20231129	0	1770	0			2008	55844	0	0	33000	0	0	0	0	0	0	0	0	0	0	0	160	135950	20231129	95460	0	0	20231129	163557	0073370001	1770	68				02800001100000023	20231129	164020			대체	0	0	0	0	0	1	0	0	0	0	0	0	0	0	0		1	4099	0	0	8709540	0	0			0	0	0			0	0	0	0	0	0	0	1	0	0	0	Z1					0	0	0	0	0	0	0	4099	0	0	0	0	0	0	0	000000000000000000000000000000000000000000				02800001210000723				
28	140	1	10	0	2023	1	20231129	31846	2	67	0	0	90	0	0	0	0	1	0	0	0	2023년 공동주택 소방  및 방범 교육 강사		20231129	20231129	0	7172	0			13391	22719	0	0	440000	0	0	0	0	0	0	0	0	0	0	0	160	135942	20231129	31846	0	0	20231129	164119	0073370001	7172	68					20231129	165006			대체	0	0	0	0	0	1	0	0	0	0	0	0	0	0	0		0	0	0	0	1197055150	0	0			0	0	0			0	0	0	0	0	0	0	1	0	0	0	Z1					0	0	0	0	0	0	0	42251	0	0	0	0	0	0	0	000000000000000000000000000000000000000000				02814001100000023				
28	0	24	25	1	9999	1	20231129	2029950	2	80	0	0	0	0	0	0	0	1	0	0	0	02-04097634		20231129	20231129	0	7080	0					0	0	3	0	0	0	0	0	0	0	0	0	0	0	160	75274	20231129	2029950	0	0	20231129	164120	RIBD200301	7080	00000340					20231129	165006			대체	0	0	0	0	0	1	0	0	0	0	0	0	0	0	0		0	0	0	0	0	0	0			0	0	0			0	0	0	0	0	0	0	1	0	0	0	DT					0	0	0	0	0	0	0	80547	0	0	0	0	0	0	0	000000000000000000000000000000000000000000				02800024250000199				
28	0	1	10	0	2023	1	20231129	95492	2	67	0	0	91	0	0	0	0	1	0	0	0	11월분 상하수도요금 지출		20231129	20231129	0	1770	0			2012	55848	0	0	383430	0	0	0	0	0	0	0	0	0	0	0	0	0	20231129	95492	0	0	20231129	165059	0073370001	1770	68				02800001210000723	20231129	170006				0	0	0	0	0	1	0	0	0	0	0	0	0	0	0		1	118721	0	0	25743120221	0	0			0	0	0			0	0	0	0	0	0	0	0	0	0	0	Z1					0	0	0	0	0	0	0	141766	0	0	0	0	0	0	0					02800001100000023				
28	0	1	21	7	2023	1	20231129	95493	2	67	0	0	91	0	0	0	0	1	0	0	0	농기계 신용카드 무선단말기 통신요금 지출		20231129	20231129	0	1770	0			2009	55845	0	0	44000	0	0	0	0	0	0	0	0	0	0	0	160	135950	20231129	95493	0	0	20231129	165101	0073370001	1770	68				02800001100000023	20231129	170006			대체	0	0	0	0	0	1	0	0	0	0	0	0	0	0	0		1	4113	0	0	890000	0	0			0	0	0			0	0	0	0	0	0	0	1	0	0	0	Z1					0	0	0	0	0	0	0	4113	0	0	0	0	0	0	0	000000000000000000000000000000000000000000				02800001210000723				
28	0	1	10	0	2023	1	20231129	95493	2	67	0	0	91	0	0	0	0	1	0	0	0	농기계 신용카드 무선단말기 통신요금 지출		20231129	20231129	0	1770	0			2009	55845	0	0	44000	0	0	0	0	0	0	0	0	0	0	0	0	0	20231129	95493	0	0	20231129	165101	0073370001	1770	68				02800001210000723	20231129	170006				0	0	0	0	0	1	0	0	0	0	0	0	0	0	0		1	118722	0	0	25743076221	0	0			0	0	0			0	0	0	0	0	0	0	0	0	0	0	Z1					0	0	0	0	0	0	0	141767	0	0	0	0	0	0	0					02800001100000023				
28	0	1	25	121	2023	1	20231129	95494	2	67	0	0	92	0	0	0	0	1	0	0	0	임대차 계약에 따른 중개 수수료 지출		20231129	20231129	0	7127	0			609	31775	0	0	627000	0	0	0	0	0	0	0	0	0	0	0	160	135950	20231129	95494	0	0	20231129	165105	0073370001	7127	68				02800001100000023	20231129	170007			대체	0	0	0	0	0	1	0	0	0	0	0	0	0	0	0		1	660	0	0	203199840	0	0			0	0	0			0	0	0	0	0	0	0	1	0	0	0	Z1					0	0	0	0	0	0	0	660	0	0	0	0	0	0	0	000000000000000000000000000000000000000000				02800001250012123				
28	0	1	10	0	2023	1	20231129	95494	2	67	0	0	92	0	0	0	0	1	0	0	0	임대차 계약에 따른 중개 수수료 지출		20231129	20231129	0	7127	0			609	31775	0	0	627000	0	0	0	0	0	0	0	0	0	0	0	0	0	20231129	95494	0	0	20231129	165105	0073370001	7127	68				02800001250012123	20231129	170007				0	0	0	0	0	1	0	0	0	0	0	0	0	0	0		1	118723	0	0	25742449221	0	0			0	0	0			0	0	0	0	0	0	0	0	0	0	0	Z1					0	0	0	0	0	0	0	141768	0	0	0	0	0	0	0					02800001100000023				
28	110	1	10	0	2023	1	20231129	43747	2	67	0	0	90	0	0	0	0	1	0	0	0	환경공무관 동절기 대비 방한물품(장갑, 넥		20231129	20231129	0	7132	0			20441	32432	0	0	3925900	0	0	0	0	0	0	0	0	0	0	0	160	135967	20231129	43747	0	0	20231129	171345	0073370001	7132	68					20231129	172011			대체	0	0	0	0	0	1	0	0	0	0	0	0	0	0	0		0	0	0	0	1130671969	0	0			0	0	0			0	0	0	0	0	0	0	1	0	0	0	Z1					0	0	0	0	0	0	0	56191	0	0	0	0	0	0	0	000000000000000000000000000000000000000000				02811001100000023				
28	185	1	10	0	2023	1	20231201	40088	2	67	0	0	91	0	0	0	0	0	0	0	0	2023년도 소방안전관리대행 용역 시행		20231201	20231201	0	7168	0			312	29941	0	0	60000	0	0	0	0	0	0	0	0	0	0	0	0	0	20231201	40088	109363276571	0	20231201	140843	0073370001	7168	68				02818501210000423	20231201	141009				0	0	0	0	0	1	0	0	0	0	0	0	0	0	0		1	46337	0	0	3499474901	0	0			0	0	0			0	0	0	0	0	0	0	0	0	0	0	Z1					0	0	0	0	0	0	0	59700	0	0	0	0	0	0	0					02818501100000023			20231212144525	NS6201_20231201.dat
28	185	1	10	0	2023	1	20231201	40089	2	67	0	0	91	0	0	0	0	0	0	0	0	2023년 11월분 전기요금 납부		20231201	20231201	0	7168	0			291	29945	0	0	1596900	0	0	0	0	0	0	0	0	0	0	0	0	0	20231201	40089	109361679671	0	20231201	144855	0073370001	7168	68				02818501240000923	20231201	145016				0	0	0	0	0	1	0	0	0	0	0	0	0	0	0		1	46341	0	0	3501470601	0	0			0	0	0			0	0	0	0	0	0	0	0	0	0	0	Z1					0	0	0	0	0	0	0	59704	0	0	0	0	0	0	0					02818501100000023			20231212144525	NS6201_20231201.dat
28	185	1	10	0	2023	1	20231201	40090	2	67	0	0	91	0	0	0	0	0	0	0	0	2023년도 연수구립공공도서관 소독용역 시		20231201	20231201	0	7168	0			3658	29913	0	0	350000	0	0	0	0	0	0	0	0	0	0	0	0	0	20231201	40090	109361329671	0	20231201	144900	0073370001	7168	68				02818501210000523	20231201	145006				0	0	0	0	0	1	0	0	0	0	0	0	0	0	0		1	46342	0	0	3501120601	0	0			0	0	0			0	0	0	0	0	0	0	0	0	0	0	Z1					0	0	0	0	0	0	0	59705	0	0	0	0	0	0	0					02818501100000023			20231212144525	NS6201_20231201.dat
28	200	1	25	70	2023	1	20231129	51743	2	67	0	0	92	0	0	0	0	1	0	0	0	2023년 9~10월 공무직(GIS DB 갱신 전문인		20231129	20231129	0	7169	0			515	15535	0	0	160000	0	0	0	0	0	0	0	0	0	0	0	160	135935	20231129	51743	0	0	20231129	161751	0073370001	7169	68				02820001100000023	20231129	162016			대체	0	0	0	0	0	1	0	0	0	0	0	0	0	0	0		1	563	0	0	141972180	0	0			0	0	0			0	0	0	0	0	0	0	1	0	0	0	Z1					0	0	0	0	0	0	0	563	0	0	0	0	0	0	0	000000000000000000000000000000000000000000				02820001250007023				
28	200	1	10	0	2023	1	20231129	51743	2	67	0	0	92	0	0	0	0	1	0	0	0	2023년 9~10월 공무직(GIS DB 갱신 전문인		20231129	20231129	0	7169	0			515	15535	0	0	160000	0	0	0	0	0	0	0	0	0	0	0	0	0	20231129	51743	0	0	20231129	161751	0073370001	7169	68				02820001250007023	20231129	162016				0	0	0	0	0	1	0	0	0	0	0	0	0	0	0		1	55505	0	0	3820137997	0	0			0	0	0			0	0	0	0	0	0	0	0	0	0	0	Z1					0	0	0	0	0	0	0	73277	0	0	0	0	0	0	0					02820001100000023				
28	200	1	25	70	2023	1	20231129	51744	2	67	0	0	92	0	0	0	0	1	0	0	0	2023년도 11월 연락골 맨홀펌프장 전기요금		20231129	20231129	0	7169	0			514	15514	0	0	27350	0	0	0	0	0	0	0	0	0	0	0	160	135935	20231129	51744	0	0	20231129	161752	0073370001	7169	68				02820001100000023	20231129	162017			대체	0	0	0	0	0	1	0	0	0	0	0	0	0	0	0		1	564	0	0	141944830	0	0			0	0	0			0	0	0	0	0	0	0	1	0	0	0	Z1					0	0	0	0	0	0	0	564	0	0	0	0	0	0	0	000000000000000000000000000000000000000000				02820001250007023				
28	200	1	10	0	2023	1	20231129	51744	2	67	0	0	92	0	0	0	0	1	0	0	0	2023년도 11월 연락골 맨홀펌프장 전기요금		20231129	20231129	0	7169	0			514	15514	0	0	27350	0	0	0	0	0	0	0	0	0	0	0	0	0	20231129	51744	0	0	20231129	161752	0073370001	7169	68				02820001250007023	20231129	162017				0	0	0	0	0	1	0	0	0	0	0	0	0	0	0		1	55506	0	0	3820110647	0	0			0	0	0			0	0	0	0	0	0	0	0	0	0	0	Z1					0	0	0	0	0	0	0	73278	0	0	0	0	0	0	0					02820001100000023				
28	200	1	10	0	2023	1	20231129	51746	2	67	0	0	90	0	0	0	0	1	0	0	0	소래지역 수변 야간경관 조성사업(3단계)		20231129	20231129	0	7169	0			16088	35542	0	0	204529600	0	0	0	0	0	0	0	0	0	0	0	160	135935	20231129	51746	0	0	20231129	161752	0073370001	7169	68					20231129	162017			대체	0	0	0	0	0	1	0	0	0	0	0	0	0	0	0		0	0	0	0	3819587387	0	0			0	0	0			0	0	0	0	0	0	0	1	0	0	0	Z1					0	0	0	0	0	0	0	73280	0	0	0	0	0	0	0	000000000000000000000000000000000000000000				02820001100000023				
28	200	1	24	18	2023	1	20231129	51749	2	67	0	0	91	0	0	0	0	1	0	0	0	2023년 동 청사 소방안전관리 대행 용역 계		20231129	20231129	0	7169	0			615	35487	0	0	154000	0	0	0	0	0	0	0	0	0	0	0	160	135935	20231129	51749	0	0	20231129	161755	0073370001	7169	68				02820001100000023	20231129	162017			대체	0	0	0	0	0	1	0	0	0	0	0	0	0	0	0		1	1468	0	0	3456420	0	0			0	0	0			0	0	0	0	0	0	0	1	0	0	0	Z1					0	0	0	0	0	0	0	1468	0	0	0	0	0	0	0	000000000000000000000000000000000000000000				02820001240001823				
28	200	1	10	0	2023	1	20231129	51749	2	67	0	0	91	0	0	0	0	1	0	0	0	2023년 동 청사 소방안전관리 대행 용역 계		20231129	20231129	0	7169	0			615	35487	0	0	154000	0	0	0	0	0	0	0	0	0	0	0	0	0	20231129	51749	0	0	20231129	161755	0073370001	7169	68				02820001240001823	20231129	162017				0	0	0	0	0	1	0	0	0	0	0	0	0	0	0		1	55512	0	0	3819366387	0	0			0	0	0			0	0	0	0	0	0	0	0	0	0	0	Z1					0	0	0	0	0	0	0	73285	0	0	0	0	0	0	0					02820001100000023				
28	200	1	10	0	2023	1	20231129	51750	2	67	0	0	90	0	0	0	0	1	0	0	0	인천고등법원 유치 국회 토론회 참석에 따		20231129	20231129	0	7169	0			16029	35423	0	0	33330	0	0	0	0	0	0	0	0	0	0	0	160	135935	20231129	51750	0	0	20231129	161755	0073370001	7169	68					20231129	162017			대체	0	0	0	0	0	1	0	0	0	0	0	0	0	0	0		0	0	0	0	3819366387	0	0			0	0	0			0	0	0	0	0	0	0	1	0	0	0	Z1					0	0	0	0	0	0	0	73286	0	0	0	0	0	0	0	000000000000000000000000000000000000000000				02820001100000023				
